7f45 4c46 0201 0100 0000 0000 0000 0000
0100 3e00 0100 0000 0000 0000 0000 0000
0000 0000 0000 0000 4000 0000 0000 0000
0000 0000 4000 0000 0000 4000 0800 0400
0000 0000 0000 0000 0000 0000 0000 0000
0000 0000 0000 0000 0000 0000 0000 0000
0000 0000 0000 0000 0000 0000 0000 0000
0000 0000 0000 0000 0000 0000 0000 0000
0100 0000 0100 0000 0300 0000 0000 0000
0000 0000 0000 0000 4002 0000 0000 0000
4217 0000 0000 0000 0000 0000 0000 0000
0400 0000 0000 0000 0000 0000 0000 0000
0700 0000 0800 0000 0300 0000 0000 0000
0000 0000 0000 0000 9019 0000 0000 0000
0200 0000 0000 0000 0000 0000 0000 0000
0400 0000 0000 0000 0000 0000 0000 0000
0c00 0000 0100 0000 0600 0000 0000 0000
0000 0000 0000 0000 9019 0000 0000 0000
3e02 0000 0000 0000 0000 0000 0000 0000
1000 0000 0000 0000 0000 0000 0000 0000
1200 0000 0300 0000 0000 0000 0000 0000
0000 0000 0000 0000 d01b 0000 0000 0000
3700 0000 0000 0000 0000 0000 0000 0000
0100 0000 0000 0000 0000 0000 0000 0000
1c00 0000 0200 0000 0000 0000 0000 0000
0000 0000 0000 0000 101c 0000 0000 0000
4803 0000 0000 0000 0600 0000 2200 0000
0800 0000 0000 0000 1800 0000 0000 0000
2400 0000 0300 0000 0000 0000 0000 0000
0000 0000 0000 0000 601f 0000 0000 0000
3c01 0000 0000 0000 0000 0000 0000 0000
0100 0000 0000 0000 0000 0000 0000 0000
2c00 0000 0400 0000 0000 0000 0000 0000
0000 0000 0000 0000 a020 0000 0000 0000
b802 0000 0000 0000 0500 0000 0300 0000
0800 0000 0000 0000 1800 0000 0000 0000
0a20 2020 2020 2020 2020 2020 2020 203e
3e3e 3e3e 3e3e 3e50 4f52 5441 4f20 4645
4348 4144 4f21 3c3c 3c3c 3c3c 3c3c 0a27
2d2d 2d2d 2d2d 2d2d 2d2d 2d2d 2d2d 2d2d
2d2d 2d2d 2d20 2020 2020 2020 2020 2020
202d 2d2d 2d2d 2d2d 2d2d 2d2d 2d2d 2d2d
2d2d 2d2d 2d2d 2d2d 2d2d 270a 2720 2020
202f 2020 2020 2f20 2020 202f 2020 2020
2f7c 0909 2020 2f20 2020 2f20 2020 202f
2020 2020 2f20 2020 202f 2020 202f 2027
0a27 2d2d 2d2d 2d2d 2d2d 2d2d 2d2d 2d2d
2d2d 2d2d 2d2f 7c20 2020 2020 2020 2020
2020 7c2d 2d2d 2d2d 2d2d 2d2d 2d2d 2d2d
2d2d 2d2d 2d2d 2d2d 2d20 2020 270a 2720
2020 7c20 2020 207c 2020 2020 207c 2020
2020 7c2d 2d2d 2d2d 2d2d 2d2d 2d2d 2d2d
2d2d 2d2d 2d2d 2d7c 2020 2020 7c20 2020
207c 2020 2020 7c20 2027 0a27 2d2d 2d2d
2d2d 2d2d 2d2d 2d2d 2d2d 2d2d 2d2d 2d7c
2020 2020 2020 2020 2020 2020 2020 2020
2020 2020 7c2d 2d2d 2d2d 2d2d 2d2d 2d2d
2d2d 2d20 2020 270a 2720 2020 2020 7c20
2020 2020 7c20 2020 2020 7c20 7c20 2020
2020 2020 2020 2020 2020 2020 2020 2020
207c 2020 2020 207c 2020 2020 7c20 2020
2020 2027 0a27 2d2d 2d2d 2d2d 2d2d 2d2d
2d2d 2d2d 2d2d 2d78 7c7c 2020 2020 2020
2020 2020 2020 2020 2020 2020 2020 7c2d
2d2d 2d2d 2d2d 2d2d 2d2d 2d2d 2d20 2020
270a 2720 2020 7c20 2020 207c 2020 2020
207c 2020 2020 7c20 2020 2020 2020 2020
2020 2020 2020 2020 2020 207c 2020 2020
7c20 2020 207c 2020 2020 7c20 2027 0a27
2d2d 2d2d 2d2d 2d2d 2d2d 2d2d 2d2d 2d2d
2d2d 2d7c 2020 2020 2020 2020 2020 2020
2020 2020 2020 2020 7c2d 2d2d 2d2d 2d2d
2d2d 2d2d 2d2d 2d20 2020 270a 2720 2020
2020 2020 2020 2020 2020 6663 6620 202f
7c30 2d2d 2d2d 2d28 292d 2d2d 2d2d 2829
2d2d 2d2d 2d7c 2066 6361 2020 2020 2020
2020 2020 2020 2027 0a27 2020 2020 2020
2020 2020 2020 2020 2020 202f 2020 2020
2020 2020 2020 2020 2f20 2020 2020 2020
2020 2020 2020 2020 2020 2020 2020 2020
2020 2020 270a 2720 2020 2020 2020 2020
2020 2020 2020 202f 2020 2020 2020 2020
2020 2020 2f20 2020 2020 2020 2020 2020
2020 2020 2020 2020 2020 2020 2020 2020
2027 0a27 2020 2020 2020 2020 2020 2020
2020 202f 2020 2020 2020 2020 2020 2020
2f20 2020 2020 2020 2020 2020 2020 2020
2020 2020 2020 2020 2020 2020 2020 270a
2720 2020 2020 2020 2020 2020 2020 202f
2020 2020 2020 2020 2020 2020 2f20 2020
2020 2020 2020 2020 2020 2020 2020 2020
2020 2020 2020 2020 2020 2027 0a27 2020
2020 2020 2020 2020 2020 202f 2020 2020
2020 2020 2020 2020 2f20 2020 2020 2020
2020 2020 2020 2020 2020 2020 2020 2020
2020 2020 2020 2020 270a 2720 2020 2020
2020 2020 2020 202f 2020 2020 2020 2020
2020 2020 2f20 2020 2020 2020 2020 2020
2020 2020 2020 2020 2020 2020 2020 2020
2020 2020 2027 0a27 2020 2020 2f20 5c20
2020 2020 2020 2020 2020 2020 2020 2020
2020 2020 2020 2020 2020 2020 2020 2020
2020 2020 2020 2020 2020 2020 2020 2020
2020 270a 2720 2020 2f20 2020 5c20 2020
2020 2020 2020 2020 2020 2020 2020 2020
2020 2020 2020 2020 2020 2020 2020 2020
2020 2020 2020 2020 2020 2020 2020 2027
0a27 2020 2020 207c 2020 2020 2020 2020
2020 2020 2020 2020 2020 2020 2020 2020
2020 2020 2020 2020 2020 2020 2020 2020
2020 2020 2020 2020 2020 2020 270a 2720
2020 2020 7c20 2020 2020 2020 2020 2020
2020 2020 2020 2020 2020 2020 2020 2020
2020 2020 2020 2020 2020 2020 2020 2020
2020 2020 2020 2020 2027 0a27 2020 207c
2d2d 2d7c 2020 2020 2020 2020 2020 2020
2020 2020 2020 2020 2020 2020 2020 2020
2020 2020 2020 2020 2020 2020 2020 2020
2020 2020 2020 270a 2720 2020 7c20 3020
7c20 6261 2f66 6361 2020 2020 2020 2020
2020 2020 2020 2020 2020 2020 2020 2020
2020 2020 2020 2020 2020 2020 2020 2020
2020 2027 0a27 2020 207c 2031 207c 2062
662f 6663 6620 2020 2020 2020 2020 2020
2020 2020 2020 2020 2020 2020 2020 2020
2020 2020 2020 2020 2020 2020 2020 2020
270a 2720 2020 7c2d 2d2d 7c20 2020 2020
2020 2020 2020 2020 2020 2020 2020 2020
2020 2020 2020 2020 2020 2020 2020 2020
2020 2020 2020 2020 2020 2020 2027 000a
2020 2020 2020 2020 2020 2020 2020 3e3e
3e3e 3e3e 3e3e 504f 5254 414f 2041 4252
494e 444f 213c 3c3c 3c3c 3c3c 3c0a 272d
2d2d 2d2d 2d2d 2d2d 2d2d 2d2d 2d2d 2d2d
2d2d 2d2d 2d20 2020 2020 2020 2020 2020
202d 2d2d 2d2d 2d2d 2d2d 2d2d 2d2d 2d2d
2d2d 2d2d 2d2d 270a 2720 2020 2020 2f20
2020 2020 2f20 2020 202f 2020 202f 7c20
2020 2020 2020 2020 2020 2f20 2020 2020
2f20 2020 2020 2f20 2020 202f 2020 202f
270a 272d 2d2d 2d2d 2d2d 2d2d 2d2d 2d2d
2d2d 2d2d 2d2d 2d2f 7c20 2020 2020 2020
2020 2020 202d 2d2d 2d2d 2d2d 2d2d 2d2d
2d2d 2d2d 2d2d 2d2d 2020 270a 2720 2020
207c 2020 2020 207c 2020 2020 207c 2020
7c20 7c20 2020 2020 2d2d 2d2d 2d2d 2d2d
2d2d 2d2d 2d2d 2d2d 2d2d 2d20 2020 207c
2020 7c20 270a 272d 2d2d 2d2d 2d2d 2d2d
2d2d 2d2d 2d2d 2d2d 2d2d 2d2f 7c20 2020
2020 7c20 2020 2020 2020 2020 2020 2020
2020 2020 7c2d 2d2d 2d2d 2d2d 2020 270a
2720 2020 2020 207c 2020 2020 2020 7c20
2020 2020 7c20 7c20 2020 2020 7c20 2020
2020 2020 2020 2020 2020 2020 2020 7c20
7c20 2020 7c20 2020 270a 272d 2d2d 2d2d
2d2d 2d2d 2d2d 2d2d 2d2d 2d2d 2d2d 2d2f
7c20 2078 7c20 7c20 2020 2020 2020 2020
2020 2020 2020 2020 7c2d 2d2d 2d2d 2d2d
2020 270a 2720 2020 207c 2020 2020 207c
2020 2020 207c 2020 7c20 7c20 2020 2020
7c20 2020 2020 2020 2020 2020 2020 2020
2020 7c20 2020 7c20 2020 7c20 270a 272d
2d2d 2d2d 2d2d 2d2d 2d2d 2d2d 2d2d 2d2d
2d2d 2d2f 2020 2020 2020 7c20 2020 2020
2020 2020 2020 2020 2020 2020 7c2d 2d2d
2d2d 2d2d 2020 270a 2720 2020 2020 2020
2020 2020 2020 2020 6663 6620 2f20 2020
2020 2020 7c30 2d2d 2d2d 2829 2d2d 2d2d
2829 2d2d 2d2d 7c20 2066 6361 2020 2020
270a 2720 2020 2020 2020 2020 2020 2020
2020 2020 202f 2020 2020 2020 2020 2020
2020 2f20 2020 2020 2020 2020 2020 2020
2020 2020 2020 2020 2020 270a 2720 2020
2020 2020 2020 2020 2020 2020 2020 2f20
2020 202d 2d2d 3e20 2020 202f 2020 2020
2020 2020 2020 2020 2020 2020 2020 2020
2020 2020 270a 2720 2020 2020 2020 2020
2020 2020 2020 202f 2020 2020 2020 2020
2020 2020 2f20 2020 2020 2020 2020 2020
2020 2020 2020 2020 2020 2020 2020 270a
2720 2020 2020 2020 2020 2020 2020 2020
2f20 2020 2020 2020 2020 2020 202f 2020
2020 2020 2020 2020 2020 2020 2020 2020
2020 2020 2020 2020 270a 2720 2020 2020
2020 2020 2020 2020 202f 2020 2020 2020
2020 2020 2020 2f20 2020 2020 2020 2020
2020 2020 2020 2020 2020 2020 2020 2020
2020 270a 2720 2020 2020 2020 2020 2020
2020 2f20 2020 2020 2020 2020 2020 202f
2020 2020 2020 2020 2020 2020 2020 2020
2020 2020 2020 2020 2020 2020 270a 2720
2020 2f20 5c20 2020 2020 2020 2020 2020
2020 2020 2020 2020 2020 2020 2020 2020
2020 2020 2020 2020 2020 2020 2020 2020
2020 2020 2020 270a 2720 202f 2020 205c
2020 2020 2020 2020 2020 2020 2020 2020
2020 2020 2020 2020 2020 2020 2020 2020
2020 2020 2020 2020 2020 2020 2020 2020
270a 2720 2020 207c 2020 2020 2020 2020
2020 2020 2020 2020 2020 2020 2020 2020
2020 2020 2020 2020 2020 2020 2020 2020
2020 2020 2020 2020 2020 270a 2720 2020
207c 2020 2020 2020 2020 2020 2020 2020
2020 2020 2020 2020 2020 2020 2020 2020
2020 2020 2020 2020 2020 2020 2020 2020
2020 2020 270a 2720 207c 2d2d 2d7c 2020
2020 2020 2020 2020 2020 2020 2020 2020
2020 2020 2020 2020 2020 2020 2020 2020
2020 2020 2020 2020 2020 2020 2020 270a
2720 207c 2030 207c 2062 612f 6663 6120
2020 2020 2020 2020 2020 2020 2020 2020
2020 2020 2020 2020 2020 2020 2020 2020
2020 2020 2020 2020 270a 2720 207c 2031
207c 2062 662f 6663 6620 2020 2020 2020
2020 2020 2020 2020 2020 2020 2020 2020
2020 2020 2020 2020 2020 2020 2020 2020
2020 270a 2720 207c 2d2d 2d7c 2020 2020
2020 2020 2020 2020 2020 2020 2020 2020
2020 2020 2020 2020 2020 2020 2020 2020
2020 2020 2020 2020 2020 2020 2700 0a20
2020 2020 2020 2020 2020 2020 203e 3e3e
3e3e 3e3e 3e50 4f52 5441 4f20 4142 4552
544f 213c 3c3c 3c3c 3c3c 3c0a 272d 2d2d
2d2d 2d2d 2d2d 2d2d 2d2d 2d2d 2d2d 2d2d
2d2d 2d20 2020 2020 2020 2020 2020 202d
2d2d 2d2d 2d2d 2d2d 2d2d 2d2d 2d2d 2d2d
2d2d 2d2d 270a 2720 2020 2020 2f20 2020
2020 2f20 2020 202f 2020 202f 7c20 2020
2020 2020 2020 2020 2f20 2020 2020 2f20
2020 2020 2f20 2020 202f 2020 202f 270a
272d 2d2d 2d2d 2d2d 2d2d 2d2d 2d2d 2d2d
2d2d 2d2d 2d2f 7c20 2020 2020 2020 2020
2020 202d 2d2d 2d2d 2d2d 2d2d 2d2d 2d2d
2d2d 2d2d 2d2d 2020 270a 2720 2020 207c
2020 2020 207c 2020 2020 207c 2020 7c20
7c20 2020 2020 2020 2020 2020 2d2d 2d2d
2d2d 2d2d 2d2d 2d2d 2d2d 2d2d 2d2d 2d20
207c 270a 272d 2d2d 2d2d 2d2d 2d2d 2d2d
2d2d 2d2d 2d2d 2d2d 2d2f 7c20 2020 2020
2020 2020 2020 7c20 2020 2020 2020 2020
2020 2020 2020 2020 7c2d 2d2d 270a 2720
2020 2020 207c 2020 2020 2020 7c20 2020
2020 7c20 7c20 2020 2020 2020 2020 2020
7c20 2020 2020 2020 2020 2020 2020 2020
2020 7c20 2020 270a 272d 2d2d 2d2d 2d2d
2d2d 2d2d 2d2d 2d2d 2d2d 2d2d 2d2f 7c20
2020 2020 2020 2020 787c 7c20 2020 2020
2020 2020 2020 2020 2020 2020 7c2d 2d2d
270a 2720 2020 207c 2020 2020 207c 2020
2020 207c 2020 7c20 7c20 2020 2020 2020
2020 2020 7c20 2020 2020 2020 2020 2020
2020 2020 2020 7c20 7c20 270a 272d 2d2d
2d2d 2d2d 2d2d 2d2d 2d2d 2d2d 2d2d 2d2d
2d2f 2020 2020 2020 2020 2020 2020 7c20
2020 2020 2020 2020 2020 2020 2020 2020
7c2d 2d2d 270a 2720 2020 2020 2020 2020
2020 2020 2020 6663 6620 2f20 2020 2020
2020 2020 2020 2020 7c30 2d2d 2d2d 2829
2d2d 2d2d 2829 2d2d 2d2d 7c66 6361 270a
2720 2020 2020 2020 2020 2020 2020 2020
2020 202f 2020 2020 2020 2020 2020 2020
2f20 2020 2020 2020 2020 2020 2020 2020
2020 2020 2020 2020 270a 2720 2020 2020
2020 2020 2020 2020 2020 2020 2f20 2020
2020 2020 2020 2020 202f 2020 2020 2020
2020 2020 2020 2020 2020 2020 2020 2020
2020 270a 2720 2020 2020 2020 2020 2020
2020 2020 202f 2020 2020 2020 2020 2020
2020 2f20 2020 2020 2020 2020 2020 2020
2020 2020 2020 2020 2020 2020 270a 2720
2020 2020 2020 2020 2020 2020 2020 2f20
2020 2020 2020 2020 2020 202f 2020 2020
2020 2020 2020 2020 2020 2020 2020 2020
2020 2020 2020 270a 2720 2020 2020 2020
2020 2020 2020 202f 2020 2020 2020 2020
2020 2020 2f20 2020 2020 2020 2020 2020
2020 2020 2020 2020 2020 2020 2020 2020
270a 2720 2020 2020 2020 2020 2020 2020
2f20 2020 2020 2020 2020 2020 202f 2020
2020 2020 2020 2020 2020 2020 2020 2020
2020 2020 2020 2020 2020 270a 2720 2020
2f20 5c20 2020 2020 2020 2020 2020 2020
2020 2020 2020 2020 2020 2020 2020 2020
2020 2020 2020 2020 2020 2020 2020 2020
2020 2020 270a 2720 202f 2020 205c 2020
2020 2020 2020 2020 2020 2020 2020 2020
2020 2020 2020 2020 2020 2020 2020 2020
2020 2020 2020 2020 2020 2020 2020 270a
2720 2020 207c 2020 2020 2020 2020 2020
2020 2020 2020 2020 2020 2020 2020 2020
2020 2020 2020 2020 2020 2020 2020 2020
2020 2020 2020 2020 270a 2720 2020 207c
2020 2020 2020 2020 2020 2020 2020 2020
2020 2020 2020 2020 2020 2020 2020 2020
2020 2020 2020 2020 2020 2020 2020 2020
2020 270a 2720 207c 2d2d 2d7c 2020 2020
2020 2020 2020 2020 2020 2020 2020 2020
2020 2020 2020 2020 2020 2020 2020 2020
2020 2020 2020 2020 2020 2020 270a 2720
207c 2030 207c 2062 612f 6663 6120 2020
2020 2020 2020 2020 2020 2020 2020 2020
2020 2020 2020 2020 2020 2020 2020 2020
2020 2020 2020 270a 2720 207c 2031 207c
2062 662f 6663 6620 2020 2020 2020 2020
2020 2020 2020 2020 2020 2020 2020 2020
2020 2020 2020 2020 2020 2020 2020 2020
270a 2720 207c 2d2d 2d7c 2020 2020 2020
2020 2020 2020 2020 2020 2020 2020 2020
2020 2020 2020 2020 2020 2020 2020 2020
2020 2020 2020 2020 2020 2700 0a20 2020
2020 2020 2020 2020 2020 203e 3e3e 3e3e
3e3e 3e50 4f52 5441 4f20 4645 4348 414e
444f 213c 3c3c 3c3c 3c3c 3c0a 272d 2d2d
2d2d 2d2d 2d2d 2d2d 2d2d 2d2d 2d2d 2d2d
2d2d 2d20 2020 2020 2020 2020 2020 202d
2d2d 2d2d 2d2d 2d2d 2d2d 2d2d 2d2d 2d2d
2d2d 2d2d 270a 2720 2020 2020 2f20 2020
2020 2f20 2020 202f 2020 202f 7c20 2020
2020 2020 2020 2020 2f20 2020 2020 2f20
2020 2020 2f20 2020 202f 2020 202f 270a
272d 2d2d 2d2d 2d2d 2d2d 2d2d 2d2d 2d2d
2d2d 2d2d 2d2f 7c20 2020 2020 2020 2020
2020 202d 2d2d 2d2d 2d2d 2d2d 2d2d 2d2d
2d2d 2d2d 2d2d 2020 270a 2720 2020 207c
2020 2020 207c 2020 2020 207c 2020 7c20
7c20 2020 2020 2d2d 2d2d 2d2d 2d2d 2d2d
2d2d 2d2d 2d2d 2d2d 2d20 2020 207c 2020
7c20 270a 272d 2d2d 2d2d 2d2d 2d2d 2d2d
2d2d 2d2d 2d2d 2d2d 2d2f 7c20 2020 2020
7c20 2020 2020 2020 2020 2020 2020 2020
2020 7c2d 2d2d 2d2d 2d2d 2020 270a 2720
2020 2020 207c 2020 2020 2020 7c20 2020
2020 7c20 7c20 2020 2020 7c20 2020 2020
2020 2020 2020 2020 2020 2020 7c20 7c20
2020 7c20 2020 270a 272d 2d2d 2d2d 2d2d
2d2d 2d2d 2d2d 2d2d 2d2d 2d2d 2d2f 7c20
2078 7c20 7c20 2020 2020 2020 2020 2020
2020 2020 2020 7c2d 2d2d 2d2d 2d2d 2020
270a 2720 2020 207c 2020 2020 207c 2020
2020 207c 2020 7c20 7c20 2020 2020 7c20
2020 2020 2020 2020 2020 2020 2020 2020
7c20 2020 7c20 2020 7c20 270a 272d 2d2d
2d2d 2d2d 2d2d 2d2d 2d2d 2d2d 2d2d 2d2d
2d2f 2020 2020 2020 7c20 2020 2020 2020
2020 2020 2020 2020 2020 7c2d 2d2d 2d2d
2d2d 2020 270a 2720 2020 2020 2020 2020
2020 2020 2020 6663 6620 2f20 2020 2020
2020 7c30 2d2d 2d2d 2829 2d2d 2d2d 2829
2d2d 2d2d 7c20 2066 6361 2020 2020 270a
2720 2020 2020 2020 2020 2020 2020 2020
2020 202f 2020 2020 2020 2020 2020 2020
2f20 2020 2020 2020 2020 2020 2020 2020
2020 2020 2020 2020 270a 2720 2020 2020
2020 2020 2020 2020 2020 2020 2f20 2020
203c 2d2d 2d20 2020 202f 2020 2020 2020
2020 2020 2020 2020 2020 2020 2020 2020
2020 270a 2720 2020 2020 2020 2020 2020
2020 2020 202f 2020 2020 2020 2020 2020
2020 2f20 2020 2020 2020 2020 2020 2020
2020 2020 2020 2020 2020 2020 270a 2720
2020 2020 2020 2020 2020 2020 2020 2f20
2020 2020 2020 2020 2020 202f 2020 2020
2020 2020 2020 2020 2020 2020 2020 2020
2020 2020 2020 270a 2720 2020 2020 2020
2020 2020 2020 202f 2020 2020 2020 2020
2020 2020 2f20 2020 2020 2020 2020 2020
2020 2020 2020 2020 2020 2020 2020 2020
270a 2720 2020 2020 2020 2020 2020 2020
2f20 2020 2020 2020 2020 2020 202f 2020
2020 2020 2020 2020 2020 2020 2020 2020
2020 2020 2020 2020 2020 270a 2720 2020
2f20 5c20 2020 2020 2020 2020 2020 2020
2020 2020 2020 2020 2020 2020 2020 2020
2020 2020 2020 2020 2020 2020 2020 2020
2020 2020 270a 2720 202f 2020 205c 2020
2020 2020 2020 2020 2020 2020 2020 2020
2020 2020 2020 2020 2020 2020 2020 2020
2020 2020 2020 2020 2020 2020 2020 270a
2720 2020 207c 2020 2020 2020 2020 2020
2020 2020 2020 2020 2020 2020 2020 2020
2020 2020 2020 2020 2020 2020 2020 2020
2020 2020 2020 2020 270a 2720 2020 207c
2020 2020 2020 2020 2020 2020 2020 2020
2020 2020 2020 2020 2020 2020 2020 2020
2020 2020 2020 2020 2020 2020 2020 2020
2020 270a 2720 207c 2d2d 2d7c 2020 2020
2020 2020 2020 2020 2020 2020 2020 2020
2020 2020 2020 2020 2020 2020 2020 2020
2020 2020 2020 2020 2020 2020 270a 2720
207c 2030 207c 2062 612f 6663 6120 2020
2020 2020 2020 2020 2020 2020 2020 2020
2020 2020 2020 2020 2020 2020 2020 2020
2020 2020 2020 270a 2720 207c 2031 207c
2062 662f 6663 6620 2020 2020 2020 2020
2020 2020 2020 2020 2020 2020 2020 2020
2020 2020 2020 2020 2020 2020 2020 2020
270a 2720 207c 2d2d 2d7c 2020 2020 2020
2020 2020 2020 2020 2020 2020 2020 2020
2020 2020 2020 2020 2020 2020 2020 2020
2020 2020 2020 2020 2020 2700 0a28 3029
2041 6272 6972 000a 2830 2920 4669 6e61
6c20 6465 2043 7572 736f 2041 6272 6972
000a 2831 2920 4665 6368 6172 000a 2831
2920 4669 6e61 6c20 6465 2043 7572 736f
2046 6563 6861 7200 0a28 3229 2058 202d
2053 656e 736f 7200 0a4f 7065 7261 c3a7
c3a3 6f3f 2000 0a4f 7063 616f 2069 6e76
616c 6964 6121 0a53 6169 6e64 6f2e 2e2e
0a00 0000 0000 0000 0000 0000 0000 0000
e991 0100 00b9 0000 0000 ba9f 0500 00e8
0202 0000 b900 0000 00ba 1a00 0000 e8f3
0100 00b9 0000 0000 ba0c 0000 00e8 e401
0000 b900 0000 00ba 1000 0000 e8d5 0100
00b9 0000 0000 ba0e 0000 00e8 c601 0000
b900 0000 00ba 0200 0000 b803 0000 00bb
0000 0000 cd80 8a24 2500 0000 0080 ec30
80fc 000f 849a 0000 0080 fc01 740a 80fc
0274 82e9 9b01 0000 b900 0000 00ba a005
0000 e87f 0100 00b9 0000 0000 ba0b 0000
00e8 7001 0000 b900 0000 00ba 1b00 0000
e861 0100 00b9 0000 0000 ba10 0000 00e8
5201 0000 b900 0000 00ba 0e00 0000 e843
0100 00b9 0000 0000 ba02 0000 00b8 0300
0000 bb00 0000 00cd 808a 2425 0000 0000
80ec 3080 fc00 0f84 09ff ffff 80fc 010f
8491 0000 0080 fc02 0f84 f7fe ffff e910
0100 00b9 0000 0000 ba9e 0500 00e8 f400
0000 b900 0000 00ba 0b00 0000 e8e5 0000
00b9 0000 0000 ba0c 0000 00e8 d600 0000
b900 0000 00ba 1000 0000 e8c7 0000 00b9
0000 0000 ba0e 0000 00e8 b800 0000 b900
0000 00ba 0200 0000 b803 0000 00bb 0000
0000 cd80 8a24 2500 0000 0080 ec30 80fc
0074 9080 fc01 0f84 fcfe ffff 80fc 0274
82e9 8d00 0000 b900 0000 00ba df05 0000
e871 0000 00b9 0000 0000 ba0b 0000 00e8
6200 0000 b900 0000 00ba 0c00 0000 e853
0000 00b9 0000 0000 ba10 0000 00e8 4400
0000 b900 0000 00ba 0e00 0000 e835 0000
00b9 0000 0000 ba02 0000 00b8 0300 0000
bb00 0000 00cd 808a 2425 0000 0000 80ec
3080 fc00 0f84 fbfd ffff 80fc 0174 8780
fc02 7482 eb0d b804 0000 00bb 0100 0000
cd80 c3b9 0000 0000 ba1c 0000 00e8 e4ff
ffff b801 0000 00bb 0000 0000 cd80 0000
002e 6461 7461 002e 6273 7300 2e74 6578
7400 2e73 6873 7472 7461 6200 2e73 796d
7461 6200 2e73 7472 7461 6200 2e72 656c
612e 7465 7874 0000 0000 0000 0000 0000
0000 0000 0000 0000 0000 0000 0000 0000
0000 0000 0000 0000 0100 0000 0400 f1ff
0000 0000 0000 0000 0000 0000 0000 0000
0000 0000 0300 0100 0000 0000 0000 0000
0000 0000 0000 0000 0000 0000 0300 0200
0000 0000 0000 0000 0000 0000 0000 0000
0000 0000 0300 0300 0000 0000 0000 0000
0000 0000 0000 0000 1b00 0000 0000 0100
0000 0000 0000 0000 0000 0000 0000 0000
2900 0000 0000 f1ff df05 0000 0000 0000
0000 0000 0000 0000 3800 0000 0000 0100
df05 0000 0000 0000 0000 0000 0000 0000
4600 0000 0000 f1ff 9f05 0000 0000 0000
0000 0000 0000 0000 5500 0000 0000 0100
7e0b 0000 0000 0000 0000 0000 0000 0000
6200 0000 0000 f1ff 9e05 0000 0000 0000
0000 0000 0000 0000 7000 0000 0000 0100
1c11 0000 0000 0000 0000 0000 0000 0000
7f00 0000 0000 f1ff a005 0000 0000 0000
0000 0000 0000 0000 8f00 0000 0000 0100
bc16 0000 0000 0000 0000 0000 0000 0000
9600 0000 0000 f1ff 0b00 0000 0000 0000
0000 0000 0000 0000 9e00 0000 0000 0100
c716 0000 0000 0000 0000 0000 0000 0000
a700 0000 0000 f1ff 1a00 0000 0000 0000
0000 0000 0000 0000 b100 0000 0000 0100
e116 0000 0000 0000 0000 0000 0000 0000
b800 0000 0000 f1ff 0c00 0000 0000 0000
0000 0000 0000 0000 c000 0000 0000 0100
ed16 0000 0000 0000 0000 0000 0000 0000
c900 0000 0000 f1ff 1b00 0000 0000 0000
0000 0000 0000 0000 d300 0000 0000 0100
0817 0000 0000 0000 0000 0000 0000 0000
db00 0000 0000 f1ff 1000 0000 0000 0000
0000 0000 0000 0000 e400 0000 0000 0100
1817 0000 0000 0000 0000 0000 0000 0000
eb00 0000 0000 f1ff 0e00 0000 0000 0000
0000 0000 0000 0000 f300 0000 0000 0100
2617 0000 0000 0000 0000 0000 0000 0000
fa00 0000 0000 f1ff 1c00 0000 0000 0000
0000 0000 0000 0000 0201 0000 0000 0200
0000 0000 0000 0000 0000 0000 0000 0000
0d01 0000 0000 0300 0500 0000 0000 0000
0000 0000 0000 0000 1501 0000 0000 0300
8800 0000 0000 0000 0000 0000 0000 0000
1e01 0000 0000 0300 1301 0000 0000 0000
0000 0000 0000 0000 2501 0000 0000 0300
9601 0000 0000 0000 0000 0000 0000 0000
2d01 0000 0000 0300 1602 0000 0000 0000
0000 0000 0000 0000 3701 0000 0000 0300
2302 0000 0000 0000 0000 0000 0000 0000
0601 0000 1000 0300 0000 0000 0000 0000
0000 0000 0000 0000 0000 0000 0000 0000
0074 7261 6261 6c68 6f5f 706f 7274 616f
5f66 696e 616c 2e61 736d 0070 6f72 7461
6f46 6563 6861 646f 006c 706f 7274 616f
4665 6368 6164 6f00 706f 7274 616f 4162
7269 6e64 6f00 6c70 6f72 7461 6f41 6272
696e 646f 0070 6f72 7461 6f41 6265 7274
6f00 6c70 6f72 7461 6f41 6265 7274 6f00
706f 7274 616f 4665 6368 616e 646f 006c
706f 7274 616f 4665 6368 616e 646f 0062
6f74 616f 4100 6c62 6f74 616f 4100 626f
7461 6f46 4341 006c 626f 7461 6f46 4341
0062 6f74 616f 4600 6c62 6f74 616f 4600
626f 7461 6f46 4346 006c 626f 7461 6f46
4346 0073 656e 736f 7258 006c 7365 6e73
6f72 5800 6d73 674f 7063 006c 6d73 674f
7063 006d 7367 4572 7200 6c6d 7367 4572
7200 6f70 6300 5f73 7461 7274 0061 6272
696e 646f 0066 6563 6861 6e64 6f00 6162
6572 746f 0066 6563 6861 646f 006d 7374
5f73 6169 6461 0065 7869 7400 0000 0000
0600 0000 0000 0000 0a00 0000 0200 0000
df05 0000 0000 0000 1500 0000 0000 0000
0a00 0000 0200 0000 c716 0000 0000 0000
2400 0000 0000 0000 0a00 0000 0200 0000
e116 0000 0000 0000 3300 0000 0000 0000
0a00 0000 0200 0000 0817 0000 0000 0000
4200 0000 0000 0000 0a00 0000 0200 0000
1817 0000 0000 0000 5100 0000 0000 0000
0a00 0000 0300 0000 0000 0000 0000 0000
6900 0000 0000 0000 0b00 0000 0300 0000
0000 0000 0000 0000 8900 0000 0000 0000
0a00 0000 0200 0000 1c11 0000 0000 0000
9800 0000 0000 0000 0a00 0000 0200 0000
bc16 0000 0000 0000 a700 0000 0000 0000
0a00 0000 0200 0000 ed16 0000 0000 0000
b600 0000 0000 0000 0a00 0000 0200 0000
0817 0000 0000 0000 c500 0000 0000 0000
0a00 0000 0200 0000 1817 0000 0000 0000
d400 0000 0000 0000 0a00 0000 0300 0000
0000 0000 0000 0000 ec00 0000 0000 0000
0b00 0000 0300 0000 0000 0000 0000 0000
1401 0000 0000 0000 0a00 0000 0200 0000
7e0b 0000 0000 0000 2301 0000 0000 0000
0a00 0000 0200 0000 bc16 0000 0000 0000
3201 0000 0000 0000 0a00 0000 0200 0000
e116 0000 0000 0000 4101 0000 0000 0000
0a00 0000 0200 0000 0817 0000 0000 0000
5001 0000 0000 0000 0a00 0000 0200 0000
1817 0000 0000 0000 5f01 0000 0000 0000
0a00 0000 0300 0000 0000 0000 0000 0000
7701 0000 0000 0000 0b00 0000 0300 0000
0000 0000 0000 0000 9701 0000 0000 0000
0a00 0000 0200 0000 0000 0000 0000 0000
a601 0000 0000 0000 0a00 0000 0200 0000
bc16 0000 0000 0000 b501 0000 0000 0000
0a00 0000 0200 0000 e116 0000 0000 0000
c401 0000 0000 0000 0a00 0000 0200 0000
0817 0000 0000 0000 d301 0000 0000 0000
0a00 0000 0200 0000 1817 0000 0000 0000
e201 0000 0000 0000 0a00 0000 0300 0000
0000 0000 0000 0000 fa01 0000 0000 0000
0b00 0000 0300 0000 0000 0000 0000 0000
2402 0000 0000 0000 0a00 0000 0200 0000
2617 0000 0000 0000 0000 0000 0000 0000
