002e 6461 7461 002e 6273 7300 2e74 6578
7400 2e73 6873 7472 7461 6200 2e73 796d
7461 6200 2e73 7472 7461 6200 2e72 656c
612e 7465 7874 0000 0000 0000 0000 0000
0000 0000 0000 0000 0000 0000 0000 0000
0000 0000 0000 0000 0100 0000 0400 f1ff
0000 0000 0000 0000 0000 0000 0000 0000
0000 0000 0300 0100 0000 0000 0000 0000
0000 0000 0000 0000 0000 0000 0300 0200
0000 0000 0000 0000 0000 0000 0000 0000
0000 0000 0300 0300 0000 0000 0000 0000
0000 0000 0000 0000 1b00 0000 0000 0100
0000 0000 0000 0000 0000 0000 0000 0000
2900 0000 0000 f1ff df05 0000 0000 0000
0000 0000 0000 0000 3800 0000 0000 0100
df05 0000 0000 0000 0000 0000 0000 0000
4600 0000 0000 f1ff 9f05 0000 0000 0000
0000 0000 0000 0000 5500 0000 0000 0100
7e0b 0000 0000 0000 0000 0000 0000 0000
6200 0000 0000 f1ff 9e05 0000 0000 0000
0000 0000 0000 0000 7000 0000 0000 0100
1c11 0000 0000 0000 0000 0000 0000 0000
7f00 0000 0000 f1ff a005 0000 0000 0000
0000 0000 0000 0000 8f00 0000 0000 0100
bc16 0000 0000 0000 0000 0000 0000 0000
9600 0000 0000 f1ff 0b00 0000 0000 0000
0000 0000 0000 0000 9e00 0000 0000 0100
c716 0000 0000 0000 0000 0000 0000 0000
a700 0000 0000 f1ff 1a00 0000 0000 0000
0000 0000 0000 0000 b100 0000 0000 0100
e116 0000 0000 0000 0000 0000 0000 0000
b800 0000 0000 f1ff 0c00 0000 0000 0000
0000 0000 0000 0000 c000 0000 0000 0100
ed16 0000 0000 0000 0000 0000 0000 0000
c900 0000 0000 f1ff 1b00 0000 0000 0000
0000 0000 0000 0000 d300 0000 0000 0100
0817 0000 0000 0000 0000 0000 0000 0000
db00 0000 0000 f1ff 1000 0000 0000 0000
0000 0000 0000 0000 e400 0000 0000 0100
1817 0000 0000 0000 0000 0000 0000 0000
eb00 0000 0000 f1ff 0e00 0000 0000 0000
0000 0000 0000 0000 f300 0000 0000 0100
2617 0000 0000 0000 0000 0000 0000 0000
fa00 0000 0000 f1ff 1c00 0000 0000 0000
0000 0000 0000 0000 0201 0000 0000 0200
0000 0000 0000 0000 0000 0000 0000 0000
0d01 0000 0000 0300 0500 0000 0000 0000
0000 0000 0000 0000 1501 0000 0000 0300
8800 0000 0000 0000 0000 0000 0000 0000
1e01 0000 0000 0300 1301 0000 0000 0000
0000 0000 0000 0000 2501 0000 0000 0300
9601 0000 0000 0000 0000 0000 0000 0000
2d01 0000 0000 0300 1602 0000 0000 0000
0000 0000 0000 0000 3701 0000 0000 0300
2302 0000 0000 0000 0000 0000 0000 0000
0601 0000 1000 0300 0000 0000 0000 0000
0000 0000 0000 0000 0000 0000 0000 0000
0074 7261 6261 6c68 6f5f 706f 7274 616f
5f66 696e 616c 2e61 736d 0070 6f72 7461
6f46 6563 6861 646f 006c 706f 7274 616f
4665 6368 6164 6f00 706f 7274 616f 4162
7269 6e64 6f00 6c70 6f72 7461 6f41 6272
696e 646f 0070 6f72 7461 6f41 6265 7274
6f00 6c70 6f72 7461 6f41 6265 7274 6f00
706f 7274 616f 4665 6368 616e 646f 006c
706f 7274 616f 4665 6368 616e 646f 0062
6f74 616f 4100 6c62 6f74 616f 4100 626f
7461 6f46 4341 006c 626f 7461 6f46 4341
0062 6f74 616f 4600 6c62 6f74 616f 4600
626f 7461 6f46 4346 006c 626f 7461 6f46
4346 0073 656e 736f 7258 006c 7365 6e73
6f72 5800 6d73 674f 7063 006c 6d73 674f
7063 006d 7367 4572 7200 6c6d 7367 4572
7200 6f70 6300 5f73 7461 7274 0061 6272
696e 646f 0066 6563 6861 6e64 6f00 6162
6572 746f 0066 6563 6861 646f 006d 7374
5f73 6169 6461 0065 7869 7400 0000 0000
0600 0000 0000 0000 0a00 0000 0200 0000
df05 0000 0000 0000 1500 0000 0000 0000
0a00 0000 0200 0000 c716 0000 0000 0000
2400 0000 0000 0000 0a00 0000 0200 0000
e116 0000 0000 0000 3300 0000 0000 0000
0a00 0000 0200 0000 0817 0000 0000 0000
4200 0000 0000 0000 0a00 0000 0200 0000
1817 0000 0000 0000 5100 0000 0000 0000
0a00 0000 0300 0000 0000 0000 0000 0000
6900 0000 0000 0000 0b00 0000 0300 0000
0000 0000 0000 0000 8900 0000 0000 0000
0a00 0000 0200 0000 1c11 0000 0000 0000
9800 0000 0000 0000 0a00 0000 0200 0000
bc16 0000 0000 0000 a700 0000 0000 0000
0a00 0000 0200 0000 ed16 0000 0000 0000
b600 0000 0000 0000 0a00 0000 0200 0000
0817 0000 0000 0000 c500 0000 0000 0000
0a00 0000 0200 0000 1817 0000 0000 0000
d400 0000 0000 0000 0a00 0000 0300 0000
0000 0000 0000 0000 ec00 0000 0000 0000
0b00 0000 0300 0000 0000 0000 0000 0000
1401 0000 0000 0000 0a00 0000 0200 0000
7e0b 0000 0000 0000 2301 0000 0000 0000
0a00 0000 0200 0000 bc16 0000 0000 0000
3201 0000 0000 0000 0a00 0000 0200 0000
e116 0000 0000 0000 4101 0000 0000 0000
0a00 0000 0200 0000 0817 0000 0000 0000
5001 0000 0000 0000 0a00 0000 0200 0000
1817 0000 0000 0000 5f01 0000 0000 0000
0a00 0000 0300 0000 0000 0000 0000 0000
7701 0000 0000 0000 0b00 0000 0300 0000
0000 0000 0000 0000 9701 0000 0000 0000
0a00 0000 0200 0000 0000 0000 0000 0000
a601 0000 0000 0000 0a00 0000 0200 0000
bc16 0000 0000 0000 b501 0000 0000 0000
0a00 0000 0200 0000 e116 0000 0000 0000
c401 0000 0000 0000 0a00 0000 0200 0000
0817 0000 0000 0000 d301 0000 0000 0000
0a00 0000 0200 0000 1817 0000 0000 0000
e201 0000 0000 0000 0a00 0000 0300 0000
0000 0000 0000 0000 fa01 0000 0000 0000
0b00 0000 0300 0000 0000 0000 0000 0000
2402 0000 0000 0000 0a00 0000 0200 0000
2617 0000 0000 0000 0000 0000 0000 0000