7f45 4c46 0201 0100 0000 0000 0000 0000
0100 3e00 0100 0000 0000 0000 0000 0000
0000 0000 0000 0000 4000 0000 0000 0000
0000 0000 4000 0000 0000 4000 0800 0400
0000 0000 0000 0000 0000 0000 0000 0000
0000 0000 0000 0000 0000 0000 0000 0000
0000 0000 0000 0000 0000 0000 0000 0000
0000 0000 0000 0000 0000 0000 0000 0000
0100 0000 0100 0000 0300 0000 0000 0000
0000 0000 0000 0000 4002 0000 0000 0000
4217 0000 0000 0000 0000 0000 0000 0000
0400 0000 0000 0000 0000 0000 0000 0000
0700 0000 0800 0000 0300 0000 0000 0000
0000 0000 0000 0000 9019 0000 0000 0000
0200 0000 0000 0000 0000 0000 0000 0000
0400 0000 0000 0000 0000 0000 0000 0000
0c00 0000 0100 0000 0600 0000 0000 0000
0000 0000 0000 0000 9019 0000 0000 0000
3e02 0000 0000 0000 0000 0000 0000 0000
1000 0000 0000 0000 0000 0000 0000 0000
1200 0000 0300 0000 0000 0000 0000 0000
0000 0000 0000 0000 d01b 0000 0000 0000
3700 0000 0000 0000 0000 0000 0000 0000
0100 0000 0000 0000 0000 0000 0000 0000
1c00 0000 0200 0000 0000 0000 0000 0000
0000 0000 0000 0000 101c 0000 0000 0000
4803 0000 0000 0000 0600 0000 2200 0000
0800 0000 0000 0000 1800 0000 0000 0000
2400 0000 0300 0000 0000 0000 0000 0000
0000 0000 0000 0000 601f 0000 0000 0000
3c01 0000 0000 0000 0000 0000 0000 0000
0100 0000 0000 0000 0000 0000 0000 0000
2c00 0000 0400 0000 0000 0000 0000 0000
0000 0000 0000 0000 a020 0000 0000 0000
b802 0000 0000 0000 0500 0000 0300 0000
0800 0000 0000 0000 1800 0000 0000 0000
0a20 2020 2020 2020 2020 2020 2020 203e
3e3e 3e3e 3e3e 3e50 4f52 5441 4f20 4645
4348 4144 4f21 3c3c 3c3c 3c3c 3c3c 0a27
2d2d 2d2d 2d2d 2d2d 2d2d 2d2d 2d2d 2d2d
2d2d 2d2d 2d20 2020 2020 2020 2020 2020
202d 2d2d 2d2d 2d2d 2d2d 2d2d 2d2d 2d2d
2d2d 2d2d 2d2d 2d2d 2d2d 270a 2720 2020
202f 2020 2020 2f20 2020 202f 2020 2020
2f7c 0909 2020 2f20 2020 2f20 2020 202f
2020 2020 2f20 2020 202f 2020 202f 2027
0a27 2d2d 2d2d 2d2d 2d2d 2d2d 2d2d 2d2d
2d2d 2d2d 2d2f 7c20 2020 2020 2020 2020
2020 7c2d 2d2d 2d2d 2d2d 2d2d 2d2d 2d2d
2d2d 2d2d 2d2d 2d2d 2d20 2020 270a 2720
2020 7c20 2020 207c 2020 2020 207c 2020
2020 7c2d 2d2d 2d2d 2d2d 2d2d 2d2d 2d2d
2d2d 2d2d 2d2d 2d7c 2020 2020 7c20 2020
207c 2020 2020 7c20 2027 0a27 2d2d 2d2d
2d2d 2d2d 2d2d 2d2d 2d2d 2d2d 2d2d 2d7c
2020 2020 2020 2020 2020 2020 2020 2020
2020 2020 7c2d 2d2d 2d2d 2d2d 2d2d 2d2d
2d2d 2d20 2020 270a 2720 2020 2020 7c20
2020 2020 7c20 2020 2020 7c20 7c20 2020
2020 2020 2020 2020 2020 2020 2020 2020
207c 2020 2020 207c 2020 2020 7c20 2020
2020 2027 0a27 2d2d 2d2d 2d2d 2d2d 2d2d
2d2d 2d2d 2d2d 2d78 7c7c 2020 2020 2020
2020 2020 2020 2020 2020 2020 2020 7c2d
2d2d 2d2d 2d2d 2d2d 2d2d 2d2d 2d20 2020
270a 2720 2020 7c20 2020 207c 2020 2020
207c 2020 2020 7c20 2020 2020 2020 2020
2020 2020 2020 2020 2020 207c 2020 2020
7c20 2020 207c 2020 2020 7c20 2027 0a27
2d2d 2d2d 2d2d 2d2d 2d2d 2d2d 2d2d 2d2d
2d2d 2d7c 2020 2020 2020 2020 2020 2020
2020 2020 2020 2020 7c2d 2d2d 2d2d 2d2d
2d2d 2d2d 2d2d 2d20 2020 270a 2720 2020
2020 2020 2020 2020 2020 6663 6620 202f
7c30 2d2d 2d2d 2d28 292d 2d2d 2d2d 2829
2d2d 2d2d 2d7c 2066 6361 2020 2020 2020
2020 2020 2020 2027 0a27 2020 2020 2020
2020 2020 2020 2020 2020 202f 2020 2020
2020 2020 2020 2020 2f20 2020 2020 2020
2020 2020 2020 2020 2020 2020 2020 2020
2020 2020 270a 2720 2020 2020 2020 2020
2020 2020 2020 202f 2020 2020 2020 2020
2020 2020 2f20 2020 2020 2020 2020 2020
2020 2020 2020 2020 2020 2020 2020 2020
2027 0a27 2020 2020 2020 2020 2020 2020
2020 202f 2020 2020 2020 2020 2020 2020
2f20 2020 2020 2020 2020 2020 2020 2020
2020 2020 2020 2020 2020 2020 2020 270a
2720 2020 2020 2020 2020 2020 2020 202f
2020 2020 2020 2020 2020 2020 2f20 2020
2020 2020 2020 2020 2020 2020 2020 2020
2020 2020 2020 2020 2020 2027 0a27 2020
2020 2020 2020 2020 2020 202f 2020 2020
2020 2020 2020 2020 2f20 2020 2020 2020
2020 2020 2020 2020 2020 2020 2020 2020
2020 2020 2020 2020 270a 2720 2020 2020
2020 2020 2020 202f 2020 2020 2020 2020
2020 2020 2f20 2020 2020 2020 2020 2020
2020 2020 2020 2020 2020 2020 2020 2020
2020 2020 2027 0a27 2020 2020 2f20 5c20
2020 2020 2020 2020 2020 2020 2020 2020
2020 2020 2020 2020 2020 2020 2020 2020
2020 2020 2020 2020 2020 2020 2020 2020
2020 270a 2720 2020 2f20 2020 5c20 2020
2020 2020 2020 2020 2020 2020 2020 2020
2020 2020 2020 2020 2020 2020 2020 2020
2020 2020 2020 2020 2020 2020 2020 2027
0a27 2020 2020 207c 2020 2020 2020 2020
2020 2020 2020 2020 2020 2020 2020 2020
2020 2020 2020 2020 2020 2020 2020 2020
2020 2020 2020 2020 2020 2020 270a 2720
2020 2020 7c20 2020 2020 2020 2020 2020
2020 2020 2020 2020 2020 2020 2020 2020
2020 2020 2020 2020 2020 2020 2020 2020
2020 2020 2020 2020 2027 0a27 2020 207c
2d2d 2d7c 2020 2020 2020 2020 2020 2020
2020 2020 2020 2020 2020 2020 2020 2020
2020 2020 2020 2020 2020 2020 2020 2020
2020 2020 2020 270a 2720 2020 7c20 3020
7c20 6261 2f66 6361 2020 2020 2020 2020
2020 2020 2020 2020 2020 2020 2020 2020
2020 2020 2020 2020 2020 2020 2020 2020
2020 2027 0a27 2020 207c 2031 207c 2062
662f 6663 6620 2020 2020 2020 2020 2020
2020 2020 2020 2020 2020 2020 2020 2020
2020 2020 2020 2020 2020 2020 2020 2020
270a 2720 2020 7c2d 2d2d 7c20 2020 2020
2020 2020 2020 2020 2020 2020 2020 2020
2020 2020 2020 2020 2020 2020 2020 2020
2020 2020 2020 2020 2020 2020 2027 000a
2020 2020 2020 2020 2020 2020 2020 3e3e
3e3e 3e3e 3e3e 504f 5254 414f 2041 4252
494e 444f 213c 3c3c 3c3c 3c3c 3c0a 272d
2d2d 2d2d 2d2d 2d2d 2d2d 2d2d 2d2d 2d2d
2d2d 2d2d 2d20 2020 2020 2020 2020 2020
202d 2d2d 2d2d 2d2d 2d2d 2d2d 2d2d 2d2d
2d2d 2d2d 2d2d 270a 2720 2020 2020 2f20
2020 2020 2f20 2020 202f 2020 202f 7c20
2020 2020 2020 2020 2020 2f20 2020 2020
2f20 2020 2020 2f20 2020 202f 2020 202f
270a 272d 2d2d 2d2d 2d2d 2d2d 2d2d 2d2d
2d2d 2d2d 2d2d 2d2f 7c20 2020 2020 2020
2020 2020 202d 2d2d 2d2d 2d2d 2d2d 2d2d
2d2d 2d2d 2d2d 2d2d 2020 270a 2720 2020
207c 2020 2020 207c 2020 2020 207c 2020
7c20 7c20 2020 2020 2d2d 2d2d 2d2d 2d2d
2d2d 2d2d 2d2d 2d2d 2d2d 2d20 2020 207c
2020 7c20 270a 272d 2d2d 2d2d 2d2d 2d2d
2d2d 2d2d 2d2d 2d2d 2d2d 2d2f 7c20 2020
2020 7c20 2020 2020 2020 2020 2020 2020
2020 2020 7c2d 2d2d 2d2d 2d2d 2020 270a
2720 2020 2020 207c 2020 2020 2020 7c20
2020 2020 7c20 7c20 2020 2020 7c20 2020
2020 2020 2020 2020 2020 2020 2020 7c20
7c20 2020 7c20 2020 270a 272d 2d2d 2d2d
2d2d 2d2d 2d2d 2d2d 2d2d 2d2d 2d2d 2d2f
7c20 2078 7c20 7c20 2020 2020 2020 2020
2020 2020 2020 2020 7c2d 2d2d 2d2d 2d2d
2020 270a 2720 2020 207c 2020 2020 207c
2020 2020 207c 2020 7c20 7c20 2020 2020
7c20 2020 2020 2020 2020 2020 2020 2020
2020 7c20 2020 7c20 2020 7c20 270a 272d
2d2d 2d2d 2d2d 2d2d 2d2d 2d2d 2d2d 2d2d
2d2d 2d2f 2020 2020 2020 7c20 2020 2020
2020 2020 2020 2020 2020 2020 7c2d 2d2d
2d2d 2d2d 2020 270a 2720 2020 2020 2020
2020 2020 2020 2020 6663 6620 2f20 2020
2020 2020 7c30 2d2d 2d2d 2829 2d2d 2d2d
2829 2d2d 2d2d 7c20 2066 6361 2020 2020
270a 2720 2020 2020 2020 2020 2020 2020
2020 2020 202f 2020 2020 2020 2020 2020
2020 2f20 2020 2020 2020 2020 2020 2020
2020 2020 2020 2020 2020 270a 2720 2020
2020 2020 2020 2020 2020 2020 2020 2f20
2020 202d 2d2d 3e20 2020 202f 2020 2020
2020 2020 2020 2020 2020 2020 2020 2020
2020 2020 270a 2720 2020 2020 2020 2020
2020 2020 2020 202f 2020 2020 2020 2020
2020 2020 2f20 2020 2020 2020 2020 2020
2020 2020 2020 2020 2020 2020 2020 270a
2720 2020 2020 2020 2020 2020 2020 2020
2f20 2020 2020 2020 2020 2020 202f 2020
2020 2020 2020 2020 2020 2020 2020 2020
2020 2020 2020 2020 270a 2720 2020 2020
2020 2020 2020 2020 202f 2020 2020 2020
2020 2020 2020 2f20 2020 2020 2020 2020
2020 2020 2020 2020 2020 2020 2020 2020
2020 270a 2720 2020 2020 2020 2020 2020
2020 2f20 2020 2020 2020 2020 2020 202f
2020 2020 2020 2020 2020 2020 2020 2020
2020 2020 2020 2020 2020 2020 270a 2720
2020 2f20 5c20 2020 2020 2020 2020 2020
2020 2020 2020 2020 2020 2020 2020 2020
2020 2020 2020 2020 2020 2020 2020 2020
2020 2020 2020 270a 2720 202f 2020 205c
2020 2020 2020 2020 2020 2020 2020 2020
2020 2020 2020 2020 2020 2020 2020 2020
2020 2020 2020 2020 2020 2020 2020 2020
270a 2720 2020 207c 2020 2020 2020 2020
2020 2020 2020 2020 2020 2020 2020 2020
2020 2020 2020 2020 2020 2020 2020 2020
2020 2020 2020 2020 2020 270a 2720 2020
207c 2020 2020 2020 2020 2020 2020 2020
2020 2020 2020 2020 2020 2020 2020 2020
2020 2020 2020 2020 2020 2020 2020 2020
2020 2020 270a 2720 207c 2d2d 2d7c 2020
2020 2020 2020 2020 2020 2020 2020 2020
2020 2020 2020 2020 2020 2020 2020 2020
2020 2020 2020 2020 2020 2020 2020 270a
2720 207c 2030 207c 2062 612f 6663 6120
2020 2020 2020 2020 2020 2020 2020 2020
2020 2020 2020 2020 2020 2020 2020 2020
2020 2020 2020 2020 270a 2720 207c 2031
207c 2062 662f 6663 6620 2020 2020 2020
2020 2020 2020 2020 2020 2020 2020 2020
2020 2020 2020 2020 2020 2020 2020 2020
2020 270a 2720 207c 2d2d 2d7c 2020 2020
2020 2020 2020 2020 2020 2020 2020 2020
2020 2020 2020 2020 2020 2020 2020 2020
2020 2020 2020 2020 2020 2020 2700 0a20
2020 2020 2020 2020 2020 2020 203e 3e3e
3e3e 3e3e 3e50 4f52 5441 4f20 4142 4552
544f 213c 3c3c 3c3c 3c3c 3c0a 272d 2d2d
2d2d 2d2d 2d2d 2d2d 2d2d 2d2d 2d2d 2d2d
2d2d 2d20 2020 2020 2020 2020 2020 202d
2d2d 2d2d 2d2d 2d2d 2d2d 2d2d 2d2d 2d2d
2d2d 2d2d 270a 2720 2020 2020 2f20 2020
2020 2f20 2020 202f 2020 202f 7c20 2020
2020 2020 2020 2020 2f20 2020 2020 2f20
2020 2020 2f20 2020 202f 2020 202f 270a
272d 2d2d 2d2d 2d2d 2d2d 2d2d 2d2d 2d2d
2d2d 2d2d 2d2f 7c20 2020 2020 2020 2020
2020 202d 2d2d 2d2d 2d2d 2d2d 2d2d 2d2d
2d2d 2d2d 2d2d 2020 270a 2720 2020 207c
2020 2020 207c 2020 2020 207c 2020 7c20
7c20 2020 2020 2020 2020 2020 2d2d 2d2d
2d2d 2d2d 2d2d 2d2d 2d2d 2d2d 2d2d 2d20
207c 270a 272d 2d2d 2d2d 2d2d 2d2d 2d2d
2d2d 2d2d 2d2d 2d2d 2d2f 7c20 2020 2020
2020 2020 2020 7c20 2020 2020 2020 2020
2020 2020 2020 2020 7c2d 2d2d 270a 2720
2020 2020 207c 2020 2020 2020 7c20 2020
2020 7c20 7c20 2020 2020 2020 2020 2020
7c20 2020 2020 2020 2020 2020 2020 2020
2020 7c20 2020 270a 272d 2d2d 2d2d 2d2d
2d2d 2d2d 2d2d 2d2d 2d2d 2d2d 2d2f 7c20
2020 2020 2020 2020 787c 7c20 2020 2020
2020 2020 2020 2020 2020 2020 7c2d 2d2d
270a 2720 2020 207c 2020 2020 207c 2020
2020 207c 2020 7c20 7c20 2020 2020 2020
2020 2020 7c20 2020 2020 2020 2020 2020
2020 2020 2020 7c20 7c20 270a 272d 2d2d
2d2d 2d2d 2d2d 2d2d 2d2d 2d2d 2d2d 2d2d
2d2f 2020 2020 2020 2020 2020 2020 7c20
2020 2020 2020 2020 2020 2020 2020 2020
7c2d 2d2d 270a 2720 2020 2020 2020 2020
2020 2020 2020 6663 6620 2f20 2020 2020
2020 2020 2020 2020 7c30 2d2d 2d2d 2829
2d2d 2d2d 2829 2d2d 2d2d 7c66 6361 270a
2720 2020 2020 2020 2020 2020 2020 2020
2020 202f 2020 2020 2020 2020 2020 2020
2f20 2020 2020 2020 2020 2020 2020 2020
2020 2020 2020 2020 270a 2720 2020 2020
2020 2020 2020 2020 2020 2020 2f20 2020
2020 2020 2020 2020 202f 2020 2020 2020
2020 2020 2020 2020 2020 2020 2020 2020
2020 270a 2720 2020 2020 2020 2020 2020
2020 2020 202f 2020 2020 2020 2020 2020
2020 2f20 2020 2020 2020 2020 2020 2020
2020 2020 2020 2020 2020 2020 270a 2720
2020 2020 2020 2020 2020 2020 2020 2f20
2020 2020 2020 2020 2020 202f 2020 2020
2020 2020 2020 2020 2020 2020 2020 2020
2020 2020 2020 270a 2720 2020 2020 2020
2020 2020 2020 202f 2020 2020 2020 2020
2020 2020 2f20 2020 2020 2020 2020 2020
2020 2020 2020 2020 2020 2020 2020 2020
270a 2720 2020 2020 2020 2020 2020 2020
2f20 2020 2020 2020 2020 2020 202f 2020
2020 2020 2020 2020 2020 2020 2020 2020
2020 2020 2020 2020 2020 270a 2720 2020
2f20 5c20 2020 2020 2020 2020 2020 2020
2020 2020 2020 2020 2020 2020 2020 2020
2020 2020 2020 2020 2020 2020 2020 2020
2020 2020 270a 2720 202f 2020 205c 2020
2020 2020 2020 2020 2020 2020 2020 2020
2020 2020 2020 2020 2020 2020 2020 2020
2020 2020 2020 2020 2020 2020 2020 270a
2720 2020 207c 2020 2020 2020 2020 2020
2020 2020 2020 2020 2020 2020 2020 2020
2020 2020 2020 2020 2020 2020 2020 2020
2020 2020 2020 2020 270a 2720 2020 207c
2020 2020 2020 2020 2020 2020 2020 2020
2020 2020 2020 2020 2020 2020 2020 2020
2020 2020 2020 2020 2020 2020 2020 2020
2020 270a 2720 207c 2d2d 2d7c 2020 2020
2020 2020 2020 2020 2020 2020 2020 2020
2020 2020 2020 2020 2020 2020 2020 2020
2020 2020 2020 2020 2020 2020 270a 2720
207c 2030 207c 2062 612f 6663 6120 2020
2020 2020 2020 2020 2020 2020 2020 2020
2020 2020 2020 2020 2020 2020 2020 2020
2020 2020 2020 270a 2720 207c 2031 207c
2062 662f 6663 6620 2020 2020 2020 2020
2020 2020 2020 2020 2020 2020 2020 2020
2020 2020 2020 2020 2020 2020 2020 2020
270a 2720 207c 2d2d 2d7c 2020 2020 2020
2020 2020 2020 2020 2020 2020 2020 2020
2020 2020 2020 2020 2020 2020 2020 2020
2020 2020 2020 2020 2020 2700 0a20 2020
2020 2020 2020 2020 2020 203e 3e3e 3e3e
3e3e 3e50 4f52 5441 4f20 4645 4348 414e
444f 213c 3c3c 3c3c 3c3c 3c0a 272d 2d2d
2d2d 2d2d 2d2d 2d2d 2d2d 2d2d 2d2d 2d2d
2d2d 2d20 2020 2020 2020 2020 2020 202d
2d2d 2d2d 2d2d 2d2d 2d2d 2d2d 2d2d 2d2d
2d2d 2d2d 270a 2720 2020 2020 2f20 2020
2020 2f20 2020 202f 2020 202f 7c20 2020
2020 2020 2020 2020 2f20 2020 2020 2f20
2020 2020 2f20 2020 202f 2020 202f 270a
272d 2d2d 2d2d 2d2d 2d2d 2d2d 2d2d 2d2d
2d2d 2d2d 2d2f 7c20 2020 2020 2020 2020
2020 202d 2d2d 2d2d 2d2d 2d2d 2d2d 2d2d
2d2d 2d2d 2d2d 2020 270a 2720 2020 207c
2020 2020 207c 2020 2020 207c 2020 7c20
7c20 2020 2020 2d2d 2d2d 2d2d 2d2d 2d2d
2d2d 2d2d 2d2d 2d2d 2d20 2020 207c 2020
7c20 270a 272d 2d2d 2d2d 2d2d 2d2d 2d2d
2d2d 2d2d 2d2d 2d2d 2d2f 7c20 2020 2020
7c20 2020 2020 2020 2020 2020 2020 2020
2020 7c2d 2d2d 2d2d 2d2d 2020 270a 2720
2020 2020 207c 2020 2020 2020 7c20 2020
2020 7c20 7c20 2020 2020 7c20 2020 2020
2020 2020 2020 2020 2020 2020 7c20 7c20
2020 7c20 2020 270a 272d 2d2d 2d2d 2d2d
2d2d 2d2d 2d2d 2d2d 2d2d 2d2d 2d2f 7c20
2078 7c20 7c20 2020 2020 2020 2020 2020
2020 2020 2020 7c2d 2d2d 2d2d 2d2d 2020
270a 2720 2020 207c 2020 2020 207c 2020
2020 207c 2020 7c20 7c20 2020 2020 7c20
2020 2020 2020 2020 2020 2020 2020 2020
7c20 2020 7c20 2020 7c20 270a 272d 2d2d
2d2d 2d2d 2d2d 2d2d 2d2d 2d2d 2d2d 2d2d
2d2f 2020 2020 2020 7c20 2020 2020 2020
2020 2020 2020 2020 2020 7c2d 2d2d 2d2d
2d2d 2020 270a 2720 2020 2020 2020 2020
2020 2020 2020 6663 6620 2f20 2020 2020
2020 7c30 2d2d 2d2d 2829 2d2d 2d2d 2829
2d2d 2d2d 7c20 2066 6361 2020 2020 270a
2720 2020 2020 2020 2020 2020 2020 2020
2020 202f 2020 2020 2020 2020 2020 2020
2f20 2020 2020 2020 2020 2020 2020 2020
2020 2020 2020 2020 270a 2720 2020 2020
2020 2020 2020 2020 2020 2020 2f20 2020
203c 2d2d 2d20 2020 202f 2020 2020 2020
2020 2020 2020 2020 2020 2020 2020 2020
2020 270a 2720 2020 2020 2020 2020 2020
2020 2020 202f 2020 2020 2020 2020 2020
2020 2f20 2020 2020 2020 2020 2020 2020
2020 2020 2020 2020 2020 2020 270a 2720
2020 2020 2020 2020 2020 2020 2020 2f20
2020 2020 2020 2020 2020 202f 2020 2020
2020 2020 2020 2020 2020 2020 2020 2020
2020 2020 2020 270a 2720 2020 2020 2020
2020 2020 2020 202f 2020 2020 2020 2020
2020 2020 2f20 2020 2020 2020 2020 2020
2020 2020 2020 2020 2020 2020 2020 2020
270a 2720 2020 2020 2020 2020 2020 2020
2f20 2020 2020 2020 2020 2020 202f 2020
2020 2020 2020 2020 2020 2020 2020 2020
2020 2020 2020 2020 2020 270a 2720 2020
2f20 5c20 2020 2020 2020 2020 2020 2020
2020 2020 2020 2020 2020 2020 2020 2020
2020 2020 2020 2020 2020 2020 2020 2020
2020 2020 270a 2720 202f 2020 205c 2020
2020 2020 2020 2020 2020 2020 2020 2020
2020 2020 2020 2020 2020 2020 2020 2020
2020 2020 2020 2020 2020 2020 2020 270a
2720 2020 207c 2020 2020 2020 2020 2020
2020 2020 2020 2020 2020 2020 2020 2020
2020 2020 2020 2020 2020 2020 2020 2020
2020 2020 2020 2020 270a 2720 2020 207c
2020 2020 2020 2020 2020 2020 2020 2020
2020 2020 2020 2020 2020 2020 2020 2020
2020 2020 2020 2020 2020 2020 2020 2020
2020 270a 2720 207c 2d2d 2d7c 2020 2020
2020 2020 2020 2020 2020 2020 2020 2020
2020 2020 2020 2020 2020 2020 2020 2020
2020 2020 2020 2020 2020 2020 270a 2720
207c 2030 207c 2062 612f 6663 6120 2020
2020 2020 2020 2020 2020 2020 2020 2020
2020 2020 2020 2020 2020 2020 2020 2020
2020 2020 2020 270a 2720 207c 2031 207c
2062 662f 6663 6620 2020 2020 2020 2020
2020 2020 2020 2020 2020 2020 2020 2020
2020 2020 2020 2020 2020 2020 2020 2020
270a 2720 207c 2d2d 2d7c 2020 2020 2020
2020 2020 2020 2020 2020 2020 2020 2020
2020 2020 2020 2020 2020 2020 2020 2020
2020 2020 2020 2020 2020 2700 0a28 3029
2041 6272 6972 000a 2830 2920 4669 6e61
6c20 6465 2043 7572 736f 2041 6272 6972
000a 2831 2920 4665 6368 6172 000a 2831
2920 4669 6e61 6c20 6465 2043 7572 736f
2046 6563 6861 7200 0a28 3229 2058 202d
2053 656e 736f 7200 0a4f 7065 7261 c3a7
c3a3 6f3f 2000 0a4f 7063 616f 2069 6e76
616c 6964 6121 0a53 6169 6e64 6f2e 2e2e
0a00 0000 0000 0000 0000 0000 0000 0000
